p cnf 388 41212
1 2 3 4 5 6 7 8 9 10 11 12 13 14 15 16 17 18 19 20 0
1 3 5 7 9 11 13 15 17 19 21 23 25 27 29 31 33 35 37 39 0
1 4 7 10 13 16 19 22 25 28 31 34 37 40 43 46 49 52 55 58 0
1 5 9 13 17 21 25 29 33 37 41 45 49 53 57 61 65 69 73 77 0
1 6 11 16 21 26 31 36 41 46 51 56 61 66 71 76 81 86 91 96 0
1 7 13 19 25 31 37 43 49 55 61 67 73 79 85 91 97 103 109 115 0
1 8 15 22 29 36 43 50 57 64 71 78 85 92 99 106 113 120 127 134 0
1 9 17 25 33 41 49 57 65 73 81 89 97 105 113 121 129 137 145 153 0
1 10 19 28 37 46 55 64 73 82 91 100 109 118 127 136 145 154 163 172 0
1 11 21 31 41 51 61 71 81 91 101 111 121 131 141 151 161 171 181 191 0
1 12 23 34 45 56 67 78 89 100 111 122 133 144 155 166 177 188 199 210 0
1 13 25 37 49 61 73 85 97 109 121 133 145 157 169 181 193 205 217 229 0
1 14 27 40 53 66 79 92 105 118 131 144 157 170 183 196 209 222 235 248 0
1 15 29 43 57 71 85 99 113 127 141 155 169 183 197 211 225 239 253 267 0
1 16 31 46 61 76 91 106 121 136 151 166 181 196 211 226 241 256 271 286 0
1 17 33 49 65 81 97 113 129 145 161 177 193 209 225 241 257 273 289 305 0
1 18 35 52 69 86 103 120 137 154 171 188 205 222 239 256 273 290 307 324 0
1 19 37 55 73 91 109 127 145 163 181 199 217 235 253 271 289 307 325 343 0
1 20 39 58 77 96 115 134 153 172 191 210 229 248 267 286 305 324 343 362 0
1 21 41 61 81 101 121 141 161 181 201 221 241 261 281 301 321 341 361 381 0
2 3 4 5 6 7 8 9 10 11 12 13 14 15 16 17 18 19 20 21 0
2 4 6 8 10 12 14 16 18 20 22 24 26 28 30 32 34 36 38 40 0
2 5 8 11 14 17 20 23 26 29 32 35 38 41 44 47 50 53 56 59 0
2 6 10 14 18 22 26 30 34 38 42 46 50 54 58 62 66 70 74 78 0
2 7 12 17 22 27 32 37 42 47 52 57 62 67 72 77 82 87 92 97 0
2 8 14 20 26 32 38 44 50 56 62 68 74 80 86 92 98 104 110 116 0
2 9 16 23 30 37 44 51 58 65 72 79 86 93 100 107 114 121 128 135 0
2 10 18 26 34 42 50 58 66 74 82 90 98 106 114 122 130 138 146 154 0
2 11 20 29 38 47 56 65 74 83 92 101 110 119 128 137 146 155 164 173 0
2 12 22 32 42 52 62 72 82 92 102 112 122 132 142 152 162 172 182 192 0
2 13 24 35 46 57 68 79 90 101 112 123 134 145 156 167 178 189 200 211 0
2 14 26 38 50 62 74 86 98 110 122 134 146 158 170 182 194 206 218 230 0
2 15 28 41 54 67 80 93 106 119 132 145 158 171 184 197 210 223 236 249 0
2 16 30 44 58 72 86 100 114 128 142 156 170 184 198 212 226 240 254 268 0
2 17 32 47 62 77 92 107 122 137 152 167 182 197 212 227 242 257 272 287 0
2 18 34 50 66 82 98 114 130 146 162 178 194 210 226 242 258 274 290 306 0
2 19 36 53 70 87 104 121 138 155 172 189 206 223 240 257 274 291 308 325 0
2 20 38 56 74 92 110 128 146 164 182 200 218 236 254 272 290 308 326 344 0
2 21 40 59 78 97 116 135 154 173 192 211 230 249 268 287 306 325 344 363 0
2 22 42 62 82 102 122 142 162 182 202 222 242 262 282 302 322 342 362 382 0
3 4 5 6 7 8 9 10 11 12 13 14 15 16 17 18 19 20 21 22 0
3 5 7 9 11 13 15 17 19 21 23 25 27 29 31 33 35 37 39 41 0
3 6 9 12 15 18 21 24 27 30 33 36 39 42 45 48 51 54 57 60 0
3 7 11 15 19 23 27 31 35 39 43 47 51 55 59 63 67 71 75 79 0
3 8 13 18 23 28 33 38 43 48 53 58 63 68 73 78 83 88 93 98 0
3 9 15 21 27 33 39 45 51 57 63 69 75 81 87 93 99 105 111 117 0
3 10 17 24 31 38 45 52 59 66 73 80 87 94 101 108 115 122 129 136 0
3 11 19 27 35 43 51 59 67 75 83 91 99 107 115 123 131 139 147 155 0
3 12 21 30 39 48 57 66 75 84 93 102 111 120 129 138 147 156 165 174 0
3 13 23 33 43 53 63 73 83 93 103 113 123 133 143 153 163 173 183 193 0
3 14 25 36 47 58 69 80 91 102 113 124 135 146 157 168 179 190 201 212 0
3 15 27 39 51 63 75 87 99 111 123 135 147 159 171 183 195 207 219 231 0
3 16 29 42 55 68 81 94 107 120 133 146 159 172 185 198 211 224 237 250 0
3 17 31 45 59 73 87 101 115 129 143 157 171 185 199 213 227 241 255 269 0
3 18 33 48 63 78 93 108 123 138 153 168 183 198 213 228 243 258 273 288 0
3 19 35 51 67 83 99 115 131 147 163 179 195 211 227 243 259 275 291 307 0
3 20 37 54 71 88 105 122 139 156 173 190 207 224 241 258 275 292 309 326 0
3 21 39 57 75 93 111 129 147 165 183 201 219 237 255 273 291 309 327 345 0
3 22 41 60 79 98 117 136 155 174 193 212 231 250 269 288 307 326 345 364 0
3 23 43 63 83 103 123 143 163 183 203 223 243 263 283 303 323 343 363 383 0
4 5 6 7 8 9 10 11 12 13 14 15 16 17 18 19 20 21 22 23 0
4 6 8 10 12 14 16 18 20 22 24 26 28 30 32 34 36 38 40 42 0
4 7 10 13 16 19 22 25 28 31 34 37 40 43 46 49 52 55 58 61 0
4 8 12 16 20 24 28 32 36 40 44 48 52 56 60 64 68 72 76 80 0
4 9 14 19 24 29 34 39 44 49 54 59 64 69 74 79 84 89 94 99 0
4 10 16 22 28 34 40 46 52 58 64 70 76 82 88 94 100 106 112 118 0
4 11 18 25 32 39 46 53 60 67 74 81 88 95 102 109 116 123 130 137 0
4 12 20 28 36 44 52 60 68 76 84 92 100 108 116 124 132 140 148 156 0
4 13 22 31 40 49 58 67 76 85 94 103 112 121 130 139 148 157 166 175 0
4 14 24 34 44 54 64 74 84 94 104 114 124 134 144 154 164 174 184 194 0
4 15 26 37 48 59 70 81 92 103 114 125 136 147 158 169 180 191 202 213 0
4 16 28 40 52 64 76 88 100 112 124 136 148 160 172 184 196 208 220 232 0
4 17 30 43 56 69 82 95 108 121 134 147 160 173 186 199 212 225 238 251 0
4 18 32 46 60 74 88 102 116 130 144 158 172 186 200 214 228 242 256 270 0
4 19 34 49 64 79 94 109 124 139 154 169 184 199 214 229 244 259 274 289 0
4 20 36 52 68 84 100 116 132 148 164 180 196 212 228 244 260 276 292 308 0
4 21 38 55 72 89 106 123 140 157 174 191 208 225 242 259 276 293 310 327 0
4 22 40 58 76 94 112 130 148 166 184 202 220 238 256 274 292 310 328 346 0
4 23 42 61 80 99 118 137 156 175 194 213 232 251 270 289 308 327 346 365 0
4 24 44 64 84 104 124 144 164 184 204 224 244 264 284 304 324 344 364 384 0
5 6 7 8 9 10 11 12 13 14 15 16 17 18 19 20 21 22 23 24 0
5 7 9 11 13 15 17 19 21 23 25 27 29 31 33 35 37 39 41 43 0
5 8 11 14 17 20 23 26 29 32 35 38 41 44 47 50 53 56 59 62 0
5 9 13 17 21 25 29 33 37 41 45 49 53 57 61 65 69 73 77 81 0
5 10 15 20 25 30 35 40 45 50 55 60 65 70 75 80 85 90 95 100 0
5 11 17 23 29 35 41 47 53 59 65 71 77 83 89 95 101 107 113 119 0
5 12 19 26 33 40 47 54 61 68 75 82 89 96 103 110 117 124 131 138 0
5 13 21 29 37 45 53 61 69 77 85 93 101 109 117 125 133 141 149 157 0
5 14 23 32 41 50 59 68 77 86 95 104 113 122 131 140 149 158 167 176 0
5 15 25 35 45 55 65 75 85 95 105 115 125 135 145 155 165 175 185 195 0
5 16 27 38 49 60 71 82 93 104 115 126 137 148 159 170 181 192 203 214 0
5 17 29 41 53 65 77 89 101 113 125 137 149 161 173 185 197 209 221 233 0
5 18 31 44 57 70 83 96 109 122 135 148 161 174 187 200 213 226 239 252 0
5 19 33 47 61 75 89 103 117 131 145 159 173 187 201 215 229 243 257 271 0
5 20 35 50 65 80 95 110 125 140 155 170 185 200 215 230 245 260 275 290 0
5 21 37 53 69 85 101 117 133 149 165 181 197 213 229 245 261 277 293 309 0
5 22 39 56 73 90 107 124 141 158 175 192 209 226 243 260 277 294 311 328 0
5 23 41 59 77 95 113 131 149 167 185 203 221 239 257 275 293 311 329 347 0
5 24 43 62 81 100 119 138 157 176 195 214 233 252 271 290 309 328 347 366 0
5 25 45 65 85 105 125 145 165 185 205 225 245 265 285 305 325 345 365 385 0
6 7 8 9 10 11 12 13 14 15 16 17 18 19 20 21 22 23 24 25 0
6 8 10 12 14 16 18 20 22 24 26 28 30 32 34 36 38 40 42 44 0
6 9 12 15 18 21 24 27 30 33 36 39 42 45 48 51 54 57 60 63 0
6 10 14 18 22 26 30 34 38 42 46 50 54 58 62 66 70 74 78 82 0
6 11 16 21 26 31 36 41 46 51 56 61 66 71 76 81 86 91 96 101 0
6 12 18 24 30 36 42 48 54 60 66 72 78 84 90 96 102 108 114 120 0
6 13 20 27 34 41 48 55 62 69 76 83 90 97 104 111 118 125 132 139 0
6 14 22 30 38 46 54 62 70 78 86 94 102 110 118 126 134 142 150 158 0
6 15 24 33 42 51 60 69 78 87 96 105 114 123 132 141 150 159 168 177 0
6 16 26 36 46 56 66 76 86 96 106 116 126 136 146 156 166 176 186 196 0
6 17 28 39 50 61 72 83 94 105 116 127 138 149 160 171 182 193 204 215 0
6 18 30 42 54 66 78 90 102 114 126 138 150 162 174 186 198 210 222 234 0
6 19 32 45 58 71 84 97 110 123 136 149 162 175 188 201 214 227 240 253 0
6 20 34 48 62 76 90 104 118 132 146 160 174 188 202 216 230 244 258 272 0
6 21 36 51 66 81 96 111 126 141 156 171 186 201 216 231 246 261 276 291 0
6 22 38 54 70 86 102 118 134 150 166 182 198 214 230 246 262 278 294 310 0
6 23 40 57 74 91 108 125 142 159 176 193 210 227 244 261 278 295 312 329 0
6 24 42 60 78 96 114 132 150 168 186 204 222 240 258 276 294 312 330 348 0
6 25 44 63 82 101 120 139 158 177 196 215 234 253 272 291 310 329 348 367 0
6 26 46 66 86 106 126 146 166 186 206 226 246 266 286 306 326 346 366 386 0
7 8 9 10 11 12 13 14 15 16 17 18 19 20 21 22 23 24 25 26 0
7 9 11 13 15 17 19 21 23 25 27 29 31 33 35 37 39 41 43 45 0
7 10 13 16 19 22 25 28 31 34 37 40 43 46 49 52 55 58 61 64 0
7 11 15 19 23 27 31 35 39 43 47 51 55 59 63 67 71 75 79 83 0
7 12 17 22 27 32 37 42 47 52 57 62 67 72 77 82 87 92 97 102 0
7 13 19 25 31 37 43 49 55 61 67 73 79 85 91 97 103 109 115 121 0
7 14 21 28 35 42 49 56 63 70 77 84 91 98 105 112 119 126 133 140 0
7 15 23 31 39 47 55 63 71 79 87 95 103 111 119 127 135 143 151 159 0
7 16 25 34 43 52 61 70 79 88 97 106 115 124 133 142 151 160 169 178 0
7 17 27 37 47 57 67 77 87 97 107 117 127 137 147 157 167 177 187 197 0
7 18 29 40 51 62 73 84 95 106 117 128 139 150 161 172 183 194 205 216 0
7 19 31 43 55 67 79 91 103 115 127 139 151 163 175 187 199 211 223 235 0
7 20 33 46 59 72 85 98 111 124 137 150 163 176 189 202 215 228 241 254 0
7 21 35 49 63 77 91 105 119 133 147 161 175 189 203 217 231 245 259 273 0
7 22 37 52 67 82 97 112 127 142 157 172 187 202 217 232 247 262 277 292 0
7 23 39 55 71 87 103 119 135 151 167 183 199 215 231 247 263 279 295 311 0
7 24 41 58 75 92 109 126 143 160 177 194 211 228 245 262 279 296 313 330 0
7 25 43 61 79 97 115 133 151 169 187 205 223 241 259 277 295 313 331 349 0
7 26 45 64 83 102 121 140 159 178 197 216 235 254 273 292 311 330 349 368 0
7 27 47 67 87 107 127 147 167 187 207 227 247 267 287 307 327 347 367 387 0
8 9 10 11 12 13 14 15 16 17 18 19 20 21 22 23 24 25 26 27 0
8 10 12 14 16 18 20 22 24 26 28 30 32 34 36 38 40 42 44 46 0
8 11 14 17 20 23 26 29 32 35 38 41 44 47 50 53 56 59 62 65 0
8 12 16 20 24 28 32 36 40 44 48 52 56 60 64 68 72 76 80 84 0
8 13 18 23 28 33 38 43 48 53 58 63 68 73 78 83 88 93 98 103 0
8 14 20 26 32 38 44 50 56 62 68 74 80 86 92 98 104 110 116 122 0
8 15 22 29 36 43 50 57 64 71 78 85 92 99 106 113 120 127 134 141 0
8 16 24 32 40 48 56 64 72 80 88 96 104 112 120 128 136 144 152 160 0
8 17 26 35 44 53 62 71 80 89 98 107 116 125 134 143 152 161 170 179 0
8 18 28 38 48 58 68 78 88 98 108 118 128 138 148 158 168 178 188 198 0
8 19 30 41 52 63 74 85 96 107 118 129 140 151 162 173 184 195 206 217 0
8 20 32 44 56 68 80 92 104 116 128 140 152 164 176 188 200 212 224 236 0
8 21 34 47 60 73 86 99 112 125 138 151 164 177 190 203 216 229 242 255 0
8 22 36 50 64 78 92 106 120 134 148 162 176 190 204 218 232 246 260 274 0
8 23 38 53 68 83 98 113 128 143 158 173 188 203 218 233 248 263 278 293 0
8 24 40 56 72 88 104 120 136 152 168 184 200 216 232 248 264 280 296 312 0
8 25 42 59 76 93 110 127 144 161 178 195 212 229 246 263 280 297 314 331 0
8 26 44 62 80 98 116 134 152 170 188 206 224 242 260 278 296 314 332 350 0
8 27 46 65 84 103 122 141 160 179 198 217 236 255 274 293 312 331 350 369 0
8 28 48 68 88 108 128 148 168 188 208 228 248 268 288 308 328 348 368 388 0
9 10 11 12 13 14 15 16 17 18 19 20 21 22 23 24 25 26 27 28 0
9 11 13 15 17 19 21 23 25 27 29 31 33 35 37 39 41 43 45 47 0
9 12 15 18 21 24 27 30 33 36 39 42 45 48 51 54 57 60 63 66 0
9 13 17 21 25 29 33 37 41 45 49 53 57 61 65 69 73 77 81 85 0
9 14 19 24 29 34 39 44 49 54 59 64 69 74 79 84 89 94 99 104 0
9 15 21 27 33 39 45 51 57 63 69 75 81 87 93 99 105 111 117 123 0
9 16 23 30 37 44 51 58 65 72 79 86 93 100 107 114 121 128 135 142 0
9 17 25 33 41 49 57 65 73 81 89 97 105 113 121 129 137 145 153 161 0
9 18 27 36 45 54 63 72 81 90 99 108 117 126 135 144 153 162 171 180 0
9 19 29 39 49 59 69 79 89 99 109 119 129 139 149 159 169 179 189 199 0
9 20 31 42 53 64 75 86 97 108 119 130 141 152 163 174 185 196 207 218 0
9 21 33 45 57 69 81 93 105 117 129 141 153 165 177 189 201 213 225 237 0
9 22 35 48 61 74 87 100 113 126 139 152 165 178 191 204 217 230 243 256 0
9 23 37 51 65 79 93 107 121 135 149 163 177 191 205 219 233 247 261 275 0
9 24 39 54 69 84 99 114 129 144 159 174 189 204 219 234 249 264 279 294 0
9 25 41 57 73 89 105 121 137 153 169 185 201 217 233 249 265 281 297 313 0
9 26 43 60 77 94 111 128 145 162 179 196 213 230 247 264 281 298 315 332 0
9 27 45 63 81 99 117 135 153 171 189 207 225 243 261 279 297 315 333 351 0
9 28 47 66 85 104 123 142 161 180 199 218 237 256 275 294 313 332 351 370 0
10 11 12 13 14 15 16 17 18 19 20 21 22 23 24 25 26 27 28 29 0
10 12 14 16 18 20 22 24 26 28 30 32 34 36 38 40 42 44 46 48 0
10 13 16 19 22 25 28 31 34 37 40 43 46 49 52 55 58 61 64 67 0
10 14 18 22 26 30 34 38 42 46 50 54 58 62 66 70 74 78 82 86 0
10 15 20 25 30 35 40 45 50 55 60 65 70 75 80 85 90 95 100 105 0
10 16 22 28 34 40 46 52 58 64 70 76 82 88 94 100 106 112 118 124 0
10 17 24 31 38 45 52 59 66 73 80 87 94 101 108 115 122 129 136 143 0
10 18 26 34 42 50 58 66 74 82 90 98 106 114 122 130 138 146 154 162 0
10 19 28 37 46 55 64 73 82 91 100 109 118 127 136 145 154 163 172 181 0
10 20 30 40 50 60 70 80 90 100 110 120 130 140 150 160 170 180 190 200 0
10 21 32 43 54 65 76 87 98 109 120 131 142 153 164 175 186 197 208 219 0
10 22 34 46 58 70 82 94 106 118 130 142 154 166 178 190 202 214 226 238 0
10 23 36 49 62 75 88 101 114 127 140 153 166 179 192 205 218 231 244 257 0
10 24 38 52 66 80 94 108 122 136 150 164 178 192 206 220 234 248 262 276 0
10 25 40 55 70 85 100 115 130 145 160 175 190 205 220 235 250 265 280 295 0
10 26 42 58 74 90 106 122 138 154 170 186 202 218 234 250 266 282 298 314 0
10 27 44 61 78 95 112 129 146 163 180 197 214 231 248 265 282 299 316 333 0
10 28 46 64 82 100 118 136 154 172 190 208 226 244 262 280 298 316 334 352 0
10 29 48 67 86 105 124 143 162 181 200 219 238 257 276 295 314 333 352 371 0
11 12 13 14 15 16 17 18 19 20 21 22 23 24 25 26 27 28 29 30 0
11 13 15 17 19 21 23 25 27 29 31 33 35 37 39 41 43 45 47 49 0
11 14 17 20 23 26 29 32 35 38 41 44 47 50 53 56 59 62 65 68 0
11 15 19 23 27 31 35 39 43 47 51 55 59 63 67 71 75 79 83 87 0
11 16 21 26 31 36 41 46 51 56 61 66 71 76 81 86 91 96 101 106 0
11 17 23 29 35 41 47 53 59 65 71 77 83 89 95 101 107 113 119 125 0
11 18 25 32 39 46 53 60 67 74 81 88 95 102 109 116 123 130 137 144 0
11 19 27 35 43 51 59 67 75 83 91 99 107 115 123 131 139 147 155 163 0
11 20 29 38 47 56 65 74 83 92 101 110 119 128 137 146 155 164 173 182 0
11 21 31 41 51 61 71 81 91 101 111 121 131 141 151 161 171 181 191 201 0
11 22 33 44 55 66 77 88 99 110 121 132 143 154 165 176 187 198 209 220 0
11 23 35 47 59 71 83 95 107 119 131 143 155 167 179 191 203 215 227 239 0
11 24 37 50 63 76 89 102 115 128 141 154 167 180 193 206 219 232 245 258 0
11 25 39 53 67 81 95 109 123 137 151 165 179 193 207 221 235 249 263 277 0
11 26 41 56 71 86 101 116 131 146 161 176 191 206 221 236 251 266 281 296 0
11 27 43 59 75 91 107 123 139 155 171 187 203 219 235 251 267 283 299 315 0
11 28 45 62 79 96 113 130 147 164 181 198 215 232 249 266 283 300 317 334 0
11 29 47 65 83 101 119 137 155 173 191 209 227 245 263 281 299 317 335 353 0
11 30 49 68 87 106 125 144 163 182 201 220 239 258 277 296 315 334 353 372 0
12 13 14 15 16 17 18 19 20 21 22 23 24 25 26 27 28 29 30 31 0
12 14 16 18 20 22 24 26 28 30 32 34 36 38 40 42 44 46 48 50 0
12 15 18 21 24 27 30 33 36 39 42 45 48 51 54 57 60 63 66 69 0
12 16 20 24 28 32 36 40 44 48 52 56 60 64 68 72 76 80 84 88 0
12 17 22 27 32 37 42 47 52 57 62 67 72 77 82 87 92 97 102 107 0
12 18 24 30 36 42 48 54 60 66 72 78 84 90 96 102 108 114 120 126 0
12 19 26 33 40 47 54 61 68 75 82 89 96 103 110 117 124 131 138 145 0
12 20 28 36 44 52 60 68 76 84 92 100 108 116 124 132 140 148 156 164 0
12 21 30 39 48 57 66 75 84 93 102 111 120 129 138 147 156 165 174 183 0
12 22 32 42 52 62 72 82 92 102 112 122 132 142 152 162 172 182 192 202 0
12 23 34 45 56 67 78 89 100 111 122 133 144 155 166 177 188 199 210 221 0
12 24 36 48 60 72 84 96 108 120 132 144 156 168 180 192 204 216 228 240 0
12 25 38 51 64 77 90 103 116 129 142 155 168 181 194 207 220 233 246 259 0
12 26 40 54 68 82 96 110 124 138 152 166 180 194 208 222 236 250 264 278 0
12 27 42 57 72 87 102 117 132 147 162 177 192 207 222 237 252 267 282 297 0
12 28 44 60 76 92 108 124 140 156 172 188 204 220 236 252 268 284 300 316 0
12 29 46 63 80 97 114 131 148 165 182 199 216 233 250 267 284 301 318 335 0
12 30 48 66 84 102 120 138 156 174 192 210 228 246 264 282 300 318 336 354 0
12 31 50 69 88 107 126 145 164 183 202 221 240 259 278 297 316 335 354 373 0
13 14 15 16 17 18 19 20 21 22 23 24 25 26 27 28 29 30 31 32 0
13 15 17 19 21 23 25 27 29 31 33 35 37 39 41 43 45 47 49 51 0
13 16 19 22 25 28 31 34 37 40 43 46 49 52 55 58 61 64 67 70 0
13 17 21 25 29 33 37 41 45 49 53 57 61 65 69 73 77 81 85 89 0
13 18 23 28 33 38 43 48 53 58 63 68 73 78 83 88 93 98 103 108 0
13 19 25 31 37 43 49 55 61 67 73 79 85 91 97 103 109 115 121 127 0
13 20 27 34 41 48 55 62 69 76 83 90 97 104 111 118 125 132 139 146 0
13 21 29 37 45 53 61 69 77 85 93 101 109 117 125 133 141 149 157 165 0
13 22 31 40 49 58 67 76 85 94 103 112 121 130 139 148 157 166 175 184 0
13 23 33 43 53 63 73 83 93 103 113 123 133 143 153 163 173 183 193 203 0
13 24 35 46 57 68 79 90 101 112 123 134 145 156 167 178 189 200 211 222 0
13 25 37 49 61 73 85 97 109 121 133 145 157 169 181 193 205 217 229 241 0
13 26 39 52 65 78 91 104 117 130 143 156 169 182 195 208 221 234 247 260 0
13 27 41 55 69 83 97 111 125 139 153 167 181 195 209 223 237 251 265 279 0
13 28 43 58 73 88 103 118 133 148 163 178 193 208 223 238 253 268 283 298 0
13 29 45 61 77 93 109 125 141 157 173 189 205 221 237 253 269 285 301 317 0
13 30 47 64 81 98 115 132 149 166 183 200 217 234 251 268 285 302 319 336 0
13 31 49 67 85 103 121 139 157 175 193 211 229 247 265 283 301 319 337 355 0
13 32 51 70 89 108 127 146 165 184 203 222 241 260 279 298 317 336 355 374 0
14 15 16 17 18 19 20 21 22 23 24 25 26 27 28 29 30 31 32 33 0
14 16 18 20 22 24 26 28 30 32 34 36 38 40 42 44 46 48 50 52 0
14 17 20 23 26 29 32 35 38 41 44 47 50 53 56 59 62 65 68 71 0
14 18 22 26 30 34 38 42 46 50 54 58 62 66 70 74 78 82 86 90 0
14 19 24 29 34 39 44 49 54 59 64 69 74 79 84 89 94 99 104 109 0
14 20 26 32 38 44 50 56 62 68 74 80 86 92 98 104 110 116 122 128 0
14 21 28 35 42 49 56 63 70 77 84 91 98 105 112 119 126 133 140 147 0
14 22 30 38 46 54 62 70 78 86 94 102 110 118 126 134 142 150 158 166 0
14 23 32 41 50 59 68 77 86 95 104 113 122 131 140 149 158 167 176 185 0
14 24 34 44 54 64 74 84 94 104 114 124 134 144 154 164 174 184 194 204 0
14 25 36 47 58 69 80 91 102 113 124 135 146 157 168 179 190 201 212 223 0
14 26 38 50 62 74 86 98 110 122 134 146 158 170 182 194 206 218 230 242 0
14 27 40 53 66 79 92 105 118 131 144 157 170 183 196 209 222 235 248 261 0
14 28 42 56 70 84 98 112 126 140 154 168 182 196 210 224 238 252 266 280 0
14 29 44 59 74 89 104 119 134 149 164 179 194 209 224 239 254 269 284 299 0
14 30 46 62 78 94 110 126 142 158 174 190 206 222 238 254 270 286 302 318 0
14 31 48 65 82 99 116 133 150 167 184 201 218 235 252 269 286 303 320 337 0
14 32 50 68 86 104 122 140 158 176 194 212 230 248 266 284 302 320 338 356 0
14 33 52 71 90 109 128 147 166 185 204 223 242 261 280 299 318 337 356 375 0
15 16 17 18 19 20 21 22 23 24 25 26 27 28 29 30 31 32 33 34 0
15 17 19 21 23 25 27 29 31 33 35 37 39 41 43 45 47 49 51 53 0
15 18 21 24 27 30 33 36 39 42 45 48 51 54 57 60 63 66 69 72 0
15 19 23 27 31 35 39 43 47 51 55 59 63 67 71 75 79 83 87 91 0
15 20 25 30 35 40 45 50 55 60 65 70 75 80 85 90 95 100 105 110 0
15 21 27 33 39 45 51 57 63 69 75 81 87 93 99 105 111 117 123 129 0
15 22 29 36 43 50 57 64 71 78 85 92 99 106 113 120 127 134 141 148 0
15 23 31 39 47 55 63 71 79 87 95 103 111 119 127 135 143 151 159 167 0
15 24 33 42 51 60 69 78 87 96 105 114 123 132 141 150 159 168 177 186 0
15 25 35 45 55 65 75 85 95 105 115 125 135 145 155 165 175 185 195 205 0
15 26 37 48 59 70 81 92 103 114 125 136 147 158 169 180 191 202 213 224 0
15 27 39 51 63 75 87 99 111 123 135 147 159 171 183 195 207 219 231 243 0
15 28 41 54 67 80 93 106 119 132 145 158 171 184 197 210 223 236 249 262 0
15 29 43 57 71 85 99 113 127 141 155 169 183 197 211 225 239 253 267 281 0
15 30 45 60 75 90 105 120 135 150 165 180 195 210 225 240 255 270 285 300 0
15 31 47 63 79 95 111 127 143 159 175 191 207 223 239 255 271 287 303 319 0
15 32 49 66 83 100 117 134 151 168 185 202 219 236 253 270 287 304 321 338 0
15 33 51 69 87 105 123 141 159 177 195 213 231 249 267 285 303 321 339 357 0
15 34 53 72 91 110 129 148 167 186 205 224 243 262 281 300 319 338 357 376 0
16 17 18 19 20 21 22 23 24 25 26 27 28 29 30 31 32 33 34 35 0
16 18 20 22 24 26 28 30 32 34 36 38 40 42 44 46 48 50 52 54 0
16 19 22 25 28 31 34 37 40 43 46 49 52 55 58 61 64 67 70 73 0
16 20 24 28 32 36 40 44 48 52 56 60 64 68 72 76 80 84 88 92 0
16 21 26 31 36 41 46 51 56 61 66 71 76 81 86 91 96 101 106 111 0
16 22 28 34 40 46 52 58 64 70 76 82 88 94 100 106 112 118 124 130 0
16 23 30 37 44 51 58 65 72 79 86 93 100 107 114 121 128 135 142 149 0
16 24 32 40 48 56 64 72 80 88 96 104 112 120 128 136 144 152 160 168 0
16 25 34 43 52 61 70 79 88 97 106 115 124 133 142 151 160 169 178 187 0
16 26 36 46 56 66 76 86 96 106 116 126 136 146 156 166 176 186 196 206 0
16 27 38 49 60 71 82 93 104 115 126 137 148 159 170 181 192 203 214 225 0
16 28 40 52 64 76 88 100 112 124 136 148 160 172 184 196 208 220 232 244 0
16 29 42 55 68 81 94 107 120 133 146 159 172 185 198 211 224 237 250 263 0
16 30 44 58 72 86 100 114 128 142 156 170 184 198 212 226 240 254 268 282 0
16 31 46 61 76 91 106 121 136 151 166 181 196 211 226 241 256 271 286 301 0
16 32 48 64 80 96 112 128 144 160 176 192 208 224 240 256 272 288 304 320 0
16 33 50 67 84 101 118 135 152 169 186 203 220 237 254 271 288 305 322 339 0
16 34 52 70 88 106 124 142 160 178 196 214 232 250 268 286 304 322 340 358 0
16 35 54 73 92 111 130 149 168 187 206 225 244 263 282 301 320 339 358 377 0
17 18 19 20 21 22 23 24 25 26 27 28 29 30 31 32 33 34 35 36 0
17 19 21 23 25 27 29 31 33 35 37 39 41 43 45 47 49 51 53 55 0
17 20 23 26 29 32 35 38 41 44 47 50 53 56 59 62 65 68 71 74 0
17 21 25 29 33 37 41 45 49 53 57 61 65 69 73 77 81 85 89 93 0
17 22 27 32 37 42 47 52 57 62 67 72 77 82 87 92 97 102 107 112 0
17 23 29 35 41 47 53 59 65 71 77 83 89 95 101 107 113 119 125 131 0
17 24 31 38 45 52 59 66 73 80 87 94 101 108 115 122 129 136 143 150 0
17 25 33 41 49 57 65 73 81 89 97 105 113 121 129 137 145 153 161 169 0
17 26 35 44 53 62 71 80 89 98 107 116 125 134 143 152 161 170 179 188 0
17 27 37 47 57 67 77 87 97 107 117 127 137 147 157 167 177 187 197 207 0
17 28 39 50 61 72 83 94 105 116 127 138 149 160 171 182 193 204 215 226 0
17 29 41 53 65 77 89 101 113 125 137 149 161 173 185 197 209 221 233 245 0
17 30 43 56 69 82 95 108 121 134 147 160 173 186 199 212 225 238 251 264 0
17 31 45 59 73 87 101 115 129 143 157 171 185 199 213 227 241 255 269 283 0
17 32 47 62 77 92 107 122 137 152 167 182 197 212 227 242 257 272 287 302 0
17 33 49 65 81 97 113 129 145 161 177 193 209 225 241 257 273 289 305 321 0
17 34 51 68 85 102 119 136 153 170 187 204 221 238 255 272 289 306 323 340 0
17 35 53 71 89 107 125 143 161 179 197 215 233 251 269 287 305 323 341 359 0
17 36 55 74 93 112 131 150 169 188 207 226 245 264 283 302 321 340 359 378 0
18 19 20 21 22 23 24 25 26 27 28 29 30 31 32 33 34 35 36 37 0
18 20 22 24 26 28 30 32 34 36 38 40 42 44 46 48 50 52 54 56 0
18 21 24 27 30 33 36 39 42 45 48 51 54 57 60 63 66 69 72 75 0
18 22 26 30 34 38 42 46 50 54 58 62 66 70 74 78 82 86 90 94 0
18 23 28 33 38 43 48 53 58 63 68 73 78 83 88 93 98 103 108 113 0
18 24 30 36 42 48 54 60 66 72 78 84 90 96 102 108 114 120 126 132 0
18 25 32 39 46 53 60 67 74 81 88 95 102 109 116 123 130 137 144 151 0
18 26 34 42 50 58 66 74 82 90 98 106 114 122 130 138 146 154 162 170 0
18 27 36 45 54 63 72 81 90 99 108 117 126 135 144 153 162 171 180 189 0
18 28 38 48 58 68 78 88 98 108 118 128 138 148 158 168 178 188 198 208 0
18 29 40 51 62 73 84 95 106 117 128 139 150 161 172 183 194 205 216 227 0
18 30 42 54 66 78 90 102 114 126 138 150 162 174 186 198 210 222 234 246 0
18 31 44 57 70 83 96 109 122 135 148 161 174 187 200 213 226 239 252 265 0
18 32 46 60 74 88 102 116 130 144 158 172 186 200 214 228 242 256 270 284 0
18 33 48 63 78 93 108 123 138 153 168 183 198 213 228 243 258 273 288 303 0
18 34 50 66 82 98 114 130 146 162 178 194 210 226 242 258 274 290 306 322 0
18 35 52 69 86 103 120 137 154 171 188 205 222 239 256 273 290 307 324 341 0
18 36 54 72 90 108 126 144 162 180 198 216 234 252 270 288 306 324 342 360 0
18 37 56 75 94 113 132 151 170 189 208 227 246 265 284 303 322 341 360 379 0
19 20 21 22 23 24 25 26 27 28 29 30 31 32 33 34 35 36 37 38 0
19 21 23 25 27 29 31 33 35 37 39 41 43 45 47 49 51 53 55 57 0
19 22 25 28 31 34 37 40 43 46 49 52 55 58 61 64 67 70 73 76 0
19 23 27 31 35 39 43 47 51 55 59 63 67 71 75 79 83 87 91 95 0
19 24 29 34 39 44 49 54 59 64 69 74 79 84 89 94 99 104 109 114 0
19 25 31 37 43 49 55 61 67 73 79 85 91 97 103 109 115 121 127 133 0
19 26 33 40 47 54 61 68 75 82 89 96 103 110 117 124 131 138 145 152 0
19 27 35 43 51 59 67 75 83 91 99 107 115 123 131 139 147 155 163 171 0
19 28 37 46 55 64 73 82 91 100 109 118 127 136 145 154 163 172 181 190 0
19 29 39 49 59 69 79 89 99 109 119 129 139 149 159 169 179 189 199 209 0
19 30 41 52 63 74 85 96 107 118 129 140 151 162 173 184 195 206 217 228 0
19 31 43 55 67 79 91 103 115 127 139 151 163 175 187 199 211 223 235 247 0
19 32 45 58 71 84 97 110 123 136 149 162 175 188 201 214 227 240 253 266 0
19 33 47 61 75 89 103 117 131 145 159 173 187 201 215 229 243 257 271 285 0
19 34 49 64 79 94 109 124 139 154 169 184 199 214 229 244 259 274 289 304 0
19 35 51 67 83 99 115 131 147 163 179 195 211 227 243 259 275 291 307 323 0
19 36 53 70 87 104 121 138 155 172 189 206 223 240 257 274 291 308 325 342 0
19 37 55 73 91 109 127 145 163 181 199 217 235 253 271 289 307 325 343 361 0
19 38 57 76 95 114 133 152 171 190 209 228 247 266 285 304 323 342 361 380 0
20 21 22 23 24 25 26 27 28 29 30 31 32 33 34 35 36 37 38 39 0
20 22 24 26 28 30 32 34 36 38 40 42 44 46 48 50 52 54 56 58 0
20 23 26 29 32 35 38 41 44 47 50 53 56 59 62 65 68 71 74 77 0
20 24 28 32 36 40 44 48 52 56 60 64 68 72 76 80 84 88 92 96 0
20 25 30 35 40 45 50 55 60 65 70 75 80 85 90 95 100 105 110 115 0
20 26 32 38 44 50 56 62 68 74 80 86 92 98 104 110 116 122 128 134 0
20 27 34 41 48 55 62 69 76 83 90 97 104 111 118 125 132 139 146 153 0
20 28 36 44 52 60 68 76 84 92 100 108 116 124 132 140 148 156 164 172 0
20 29 38 47 56 65 74 83 92 101 110 119 128 137 146 155 164 173 182 191 0
20 30 40 50 60 70 80 90 100 110 120 130 140 150 160 170 180 190 200 210 0
20 31 42 53 64 75 86 97 108 119 130 141 152 163 174 185 196 207 218 229 0
20 32 44 56 68 80 92 104 116 128 140 152 164 176 188 200 212 224 236 248 0
20 33 46 59 72 85 98 111 124 137 150 163 176 189 202 215 228 241 254 267 0
20 34 48 62 76 90 104 118 132 146 160 174 188 202 216 230 244 258 272 286 0
20 35 50 65 80 95 110 125 140 155 170 185 200 215 230 245 260 275 290 305 0
20 36 52 68 84 100 116 132 148 164 180 196 212 228 244 260 276 292 308 324 0
20 37 54 71 88 105 122 139 156 173 190 207 224 241 258 275 292 309 326 343 0
20 38 56 74 92 110 128 146 164 182 200 218 236 254 272 290 308 326 344 362 0
20 39 58 77 96 115 134 153 172 191 210 229 248 267 286 305 324 343 362 381 0
21 22 23 24 25 26 27 28 29 30 31 32 33 34 35 36 37 38 39 40 0
21 23 25 27 29 31 33 35 37 39 41 43 45 47 49 51 53 55 57 59 0
21 24 27 30 33 36 39 42 45 48 51 54 57 60 63 66 69 72 75 78 0
21 25 29 33 37 41 45 49 53 57 61 65 69 73 77 81 85 89 93 97 0
21 26 31 36 41 46 51 56 61 66 71 76 81 86 91 96 101 106 111 116 0
21 27 33 39 45 51 57 63 69 75 81 87 93 99 105 111 117 123 129 135 0
21 28 35 42 49 56 63 70 77 84 91 98 105 112 119 126 133 140 147 154 0
21 29 37 45 53 61 69 77 85 93 101 109 117 125 133 141 149 157 165 173 0
21 30 39 48 57 66 75 84 93 102 111 120 129 138 147 156 165 174 183 192 0
21 31 41 51 61 71 81 91 101 111 121 131 141 151 161 171 181 191 201 211 0
21 32 43 54 65 76 87 98 109 120 131 142 153 164 175 186 197 208 219 230 0
21 33 45 57 69 81 93 105 117 129 141 153 165 177 189 201 213 225 237 249 0
21 34 47 60 73 86 99 112 125 138 151 164 177 190 203 216 229 242 255 268 0
21 35 49 63 77 91 105 119 133 147 161 175 189 203 217 231 245 259 273 287 0
21 36 51 66 81 96 111 126 141 156 171 186 201 216 231 246 261 276 291 306 0
21 37 53 69 85 101 117 133 149 165 181 197 213 229 245 261 277 293 309 325 0
21 38 55 72 89 106 123 140 157 174 191 208 225 242 259 276 293 310 327 344 0
21 39 57 75 93 111 129 147 165 183 201 219 237 255 273 291 309 327 345 363 0
21 40 59 78 97 116 135 154 173 192 211 230 249 268 287 306 325 344 363 382 0
22 23 24 25 26 27 28 29 30 31 32 33 34 35 36 37 38 39 40 41 0
22 24 26 28 30 32 34 36 38 40 42 44 46 48 50 52 54 56 58 60 0
22 25 28 31 34 37 40 43 46 49 52 55 58 61 64 67 70 73 76 79 0
22 26 30 34 38 42 46 50 54 58 62 66 70 74 78 82 86 90 94 98 0
22 27 32 37 42 47 52 57 62 67 72 77 82 87 92 97 102 107 112 117 0
22 28 34 40 46 52 58 64 70 76 82 88 94 100 106 112 118 124 130 136 0
22 29 36 43 50 57 64 71 78 85 92 99 106 113 120 127 134 141 148 155 0
22 30 38 46 54 62 70 78 86 94 102 110 118 126 134 142 150 158 166 174 0
22 31 40 49 58 67 76 85 94 103 112 121 130 139 148 157 166 175 184 193 0
22 32 42 52 62 72 82 92 102 112 122 132 142 152 162 172 182 192 202 212 0
22 33 44 55 66 77 88 99 110 121 132 143 154 165 176 187 198 209 220 231 0
22 34 46 58 70 82 94 106 118 130 142 154 166 178 190 202 214 226 238 250 0
22 35 48 61 74 87 100 113 126 139 152 165 178 191 204 217 230 243 256 269 0
22 36 50 64 78 92 106 120 134 148 162 176 190 204 218 232 246 260 274 288 0
22 37 52 67 82 97 112 127 142 157 172 187 202 217 232 247 262 277 292 307 0
22 38 54 70 86 102 118 134 150 166 182 198 214 230 246 262 278 294 310 326 0
22 39 56 73 90 107 124 141 158 175 192 209 226 243 260 277 294 311 328 345 0
22 40 58 76 94 112 130 148 166 184 202 220 238 256 274 292 310 328 346 364 0
22 41 60 79 98 117 136 155 174 193 212 231 250 269 288 307 326 345 364 383 0
23 24 25 26 27 28 29 30 31 32 33 34 35 36 37 38 39 40 41 42 0
23 25 27 29 31 33 35 37 39 41 43 45 47 49 51 53 55 57 59 61 0
23 26 29 32 35 38 41 44 47 50 53 56 59 62 65 68 71 74 77 80 0
23 27 31 35 39 43 47 51 55 59 63 67 71 75 79 83 87 91 95 99 0
23 28 33 38 43 48 53 58 63 68 73 78 83 88 93 98 103 108 113 118 0
23 29 35 41 47 53 59 65 71 77 83 89 95 101 107 113 119 125 131 137 0
23 30 37 44 51 58 65 72 79 86 93 100 107 114 121 128 135 142 149 156 0
23 31 39 47 55 63 71 79 87 95 103 111 119 127 135 143 151 159 167 175 0
23 32 41 50 59 68 77 86 95 104 113 122 131 140 149 158 167 176 185 194 0
23 33 43 53 63 73 83 93 103 113 123 133 143 153 163 173 183 193 203 213 0
23 34 45 56 67 78 89 100 111 122 133 144 155 166 177 188 199 210 221 232 0
23 35 47 59 71 83 95 107 119 131 143 155 167 179 191 203 215 227 239 251 0
23 36 49 62 75 88 101 114 127 140 153 166 179 192 205 218 231 244 257 270 0
23 37 51 65 79 93 107 121 135 149 163 177 191 205 219 233 247 261 275 289 0
23 38 53 68 83 98 113 128 143 158 173 188 203 218 233 248 263 278 293 308 0
23 39 55 71 87 103 119 135 151 167 183 199 215 231 247 263 279 295 311 327 0
23 40 57 74 91 108 125 142 159 176 193 210 227 244 261 278 295 312 329 346 0
23 41 59 77 95 113 131 149 167 185 203 221 239 257 275 293 311 329 347 365 0
23 42 61 80 99 118 137 156 175 194 213 232 251 270 289 308 327 346 365 384 0
24 25 26 27 28 29 30 31 32 33 34 35 36 37 38 39 40 41 42 43 0
24 26 28 30 32 34 36 38 40 42 44 46 48 50 52 54 56 58 60 62 0
24 27 30 33 36 39 42 45 48 51 54 57 60 63 66 69 72 75 78 81 0
24 28 32 36 40 44 48 52 56 60 64 68 72 76 80 84 88 92 96 100 0
24 29 34 39 44 49 54 59 64 69 74 79 84 89 94 99 104 109 114 119 0
24 30 36 42 48 54 60 66 72 78 84 90 96 102 108 114 120 126 132 138 0
24 31 38 45 52 59 66 73 80 87 94 101 108 115 122 129 136 143 150 157 0
24 32 40 48 56 64 72 80 88 96 104 112 120 128 136 144 152 160 168 176 0
24 33 42 51 60 69 78 87 96 105 114 123 132 141 150 159 168 177 186 195 0
24 34 44 54 64 74 84 94 104 114 124 134 144 154 164 174 184 194 204 214 0
24 35 46 57 68 79 90 101 112 123 134 145 156 167 178 189 200 211 222 233 0
24 36 48 60 72 84 96 108 120 132 144 156 168 180 192 204 216 228 240 252 0
24 37 50 63 76 89 102 115 128 141 154 167 180 193 206 219 232 245 258 271 0
24 38 52 66 80 94 108 122 136 150 164 178 192 206 220 234 248 262 276 290 0
24 39 54 69 84 99 114 129 144 159 174 189 204 219 234 249 264 279 294 309 0
24 40 56 72 88 104 120 136 152 168 184 200 216 232 248 264 280 296 312 328 0
24 41 58 75 92 109 126 143 160 177 194 211 228 245 262 279 296 313 330 347 0
24 42 60 78 96 114 132 150 168 186 204 222 240 258 276 294 312 330 348 366 0
24 43 62 81 100 119 138 157 176 195 214 233 252 271 290 309 328 347 366 385 0
25 26 27 28 29 30 31 32 33 34 35 36 37 38 39 40 41 42 43 44 0
25 27 29 31 33 35 37 39 41 43 45 47 49 51 53 55 57 59 61 63 0
25 28 31 34 37 40 43 46 49 52 55 58 61 64 67 70 73 76 79 82 0
25 29 33 37 41 45 49 53 57 61 65 69 73 77 81 85 89 93 97 101 0
25 30 35 40 45 50 55 60 65 70 75 80 85 90 95 100 105 110 115 120 0
25 31 37 43 49 55 61 67 73 79 85 91 97 103 109 115 121 127 133 139 0
25 32 39 46 53 60 67 74 81 88 95 102 109 116 123 130 137 144 151 158 0
25 33 41 49 57 65 73 81 89 97 105 113 121 129 137 145 153 161 169 177 0
25 34 43 52 61 70 79 88 97 106 115 124 133 142 151 160 169 178 187 196 0
25 35 45 55 65 75 85 95 105 115 125 135 145 155 165 175 185 195 205 215 0
25 36 47 58 69 80 91 102 113 124 135 146 157 168 179 190 201 212 223 234 0
25 37 49 61 73 85 97 109 121 133 145 157 169 181 193 205 217 229 241 253 0
25 38 51 64 77 90 103 116 129 142 155 168 181 194 207 220 233 246 259 272 0
25 39 53 67 81 95 109 123 137 151 165 179 193 207 221 235 249 263 277 291 0
25 40 55 70 85 100 115 130 145 160 175 190 205 220 235 250 265 280 295 310 0
25 41 57 73 89 105 121 137 153 169 185 201 217 233 249 265 281 297 313 329 0
25 42 59 76 93 110 127 144 161 178 195 212 229 246 263 280 297 314 331 348 0
25 43 61 79 97 115 133 151 169 187 205 223 241 259 277 295 313 331 349 367 0
25 44 63 82 101 120 139 158 177 196 215 234 253 272 291 310 329 348 367 386 0
26 27 28 29 30 31 32 33 34 35 36 37 38 39 40 41 42 43 44 45 0
26 28 30 32 34 36 38 40 42 44 46 48 50 52 54 56 58 60 62 64 0
26 29 32 35 38 41 44 47 50 53 56 59 62 65 68 71 74 77 80 83 0
26 30 34 38 42 46 50 54 58 62 66 70 74 78 82 86 90 94 98 102 0
26 31 36 41 46 51 56 61 66 71 76 81 86 91 96 101 106 111 116 121 0
26 32 38 44 50 56 62 68 74 80 86 92 98 104 110 116 122 128 134 140 0
26 33 40 47 54 61 68 75 82 89 96 103 110 117 124 131 138 145 152 159 0
26 34 42 50 58 66 74 82 90 98 106 114 122 130 138 146 154 162 170 178 0
26 35 44 53 62 71 80 89 98 107 116 125 134 143 152 161 170 179 188 197 0
26 36 46 56 66 76 86 96 106 116 126 136 146 156 166 176 186 196 206 216 0
26 37 48 59 70 81 92 103 114 125 136 147 158 169 180 191 202 213 224 235 0
26 38 50 62 74 86 98 110 122 134 146 158 170 182 194 206 218 230 242 254 0
26 39 52 65 78 91 104 117 130 143 156 169 182 195 208 221 234 247 260 273 0
26 40 54 68 82 96 110 124 138 152 166 180 194 208 222 236 250 264 278 292 0
26 41 56 71 86 101 116 131 146 161 176 191 206 221 236 251 266 281 296 311 0
26 42 58 74 90 106 122 138 154 170 186 202 218 234 250 266 282 298 314 330 0
26 43 60 77 94 111 128 145 162 179 196 213 230 247 264 281 298 315 332 349 0
26 44 62 80 98 116 134 152 170 188 206 224 242 260 278 296 314 332 350 368 0
26 45 64 83 102 121 140 159 178 197 216 235 254 273 292 311 330 349 368 387 0
27 28 29 30 31 32 33 34 35 36 37 38 39 40 41 42 43 44 45 46 0
27 29 31 33 35 37 39 41 43 45 47 49 51 53 55 57 59 61 63 65 0
27 30 33 36 39 42 45 48 51 54 57 60 63 66 69 72 75 78 81 84 0
27 31 35 39 43 47 51 55 59 63 67 71 75 79 83 87 91 95 99 103 0
27 32 37 42 47 52 57 62 67 72 77 82 87 92 97 102 107 112 117 122 0
27 33 39 45 51 57 63 69 75 81 87 93 99 105 111 117 123 129 135 141 0
27 34 41 48 55 62 69 76 83 90 97 104 111 118 125 132 139 146 153 160 0
27 35 43 51 59 67 75 83 91 99 107 115 123 131 139 147 155 163 171 179 0
27 36 45 54 63 72 81 90 99 108 117 126 135 144 153 162 171 180 189 198 0
27 37 47 57 67 77 87 97 107 117 127 137 147 157 167 177 187 197 207 217 0
27 38 49 60 71 82 93 104 115 126 137 148 159 170 181 192 203 214 225 236 0
27 39 51 63 75 87 99 111 123 135 147 159 171 183 195 207 219 231 243 255 0
27 40 53 66 79 92 105 118 131 144 157 170 183 196 209 222 235 248 261 274 0
27 41 55 69 83 97 111 125 139 153 167 181 195 209 223 237 251 265 279 293 0
27 42 57 72 87 102 117 132 147 162 177 192 207 222 237 252 267 282 297 312 0
27 43 59 75 91 107 123 139 155 171 187 203 219 235 251 267 283 299 315 331 0
27 44 61 78 95 112 129 146 163 180 197 214 231 248 265 282 299 316 333 350 0
27 45 63 81 99 117 135 153 171 189 207 225 243 261 279 297 315 333 351 369 0
27 46 65 84 103 122 141 160 179 198 217 236 255 274 293 312 331 350 369 388 0
28 29 30 31 32 33 34 35 36 37 38 39 40 41 42 43 44 45 46 47 0
28 30 32 34 36 38 40 42 44 46 48 50 52 54 56 58 60 62 64 66 0
28 31 34 37 40 43 46 49 52 55 58 61 64 67 70 73 76 79 82 85 0
28 32 36 40 44 48 52 56 60 64 68 72 76 80 84 88 92 96 100 104 0
28 33 38 43 48 53 58 63 68 73 78 83 88 93 98 103 108 113 118 123 0
28 34 40 46 52 58 64 70 76 82 88 94 100 106 112 118 124 130 136 142 0
28 35 42 49 56 63 70 77 84 91 98 105 112 119 126 133 140 147 154 161 0
28 36 44 52 60 68 76 84 92 100 108 116 124 132 140 148 156 164 172 180 0
28 37 46 55 64 73 82 91 100 109 118 127 136 145 154 163 172 181 190 199 0
28 38 48 58 68 78 88 98 108 118 128 138 148 158 168 178 188 198 208 218 0
28 39 50 61 72 83 94 105 116 127 138 149 160 171 182 193 204 215 226 237 0
28 40 52 64 76 88 100 112 124 136 148 160 172 184 196 208 220 232 244 256 0
28 41 54 67 80 93 106 119 132 145 158 171 184 197 210 223 236 249 262 275 0
28 42 56 70 84 98 112 126 140 154 168 182 196 210 224 238 252 266 280 294 0
28 43 58 73 88 103 118 133 148 163 178 193 208 223 238 253 268 283 298 313 0
28 44 60 76 92 108 124 140 156 172 188 204 220 236 252 268 284 300 316 332 0
28 45 62 79 96 113 130 147 164 181 198 215 232 249 266 283 300 317 334 351 0
28 46 64 82 100 118 136 154 172 190 208 226 244 262 280 298 316 334 352 370 0
29 30 31 32 33 34 35 36 37 38 39 40 41 42 43 44 45 46 47 48 0
29 31 33 35 37 39 41 43 45 47 49 51 53 55 57 59 61 63 65 67 0
29 32 35 38 41 44 47 50 53 56 59 62 65 68 71 74 77 80 83 86 0
29 33 37 41 45 49 53 57 61 65 69 73 77 81 85 89 93 97 101 105 0
29 34 39 44 49 54 59 64 69 74 79 84 89 94 99 104 109 114 119 124 0
29 35 41 47 53 59 65 71 77 83 89 95 101 107 113 119 125 131 137 143 0
29 36 43 50 57 64 71 78 85 92 99 106 113 120 127 134 141 148 155 162 0
29 37 45 53 61 69 77 85 93 101 109 117 125 133 141 149 157 165 173 181 0
29 38 47 56 65 74 83 92 101 110 119 128 137 146 155 164 173 182 191 200 0
29 39 49 59 69 79 89 99 109 119 129 139 149 159 169 179 189 199 209 219 0
29 40 51 62 73 84 95 106 117 128 139 150 161 172 183 194 205 216 227 238 0
29 41 53 65 77 89 101 113 125 137 149 161 173 185 197 209 221 233 245 257 0
29 42 55 68 81 94 107 120 133 146 159 172 185 198 211 224 237 250 263 276 0
29 43 57 71 85 99 113 127 141 155 169 183 197 211 225 239 253 267 281 295 0
29 44 59 74 89 104 119 134 149 164 179 194 209 224 239 254 269 284 299 314 0
29 45 61 77 93 109 125 141 157 173 189 205 221 237 253 269 285 301 317 333 0
29 46 63 80 97 114 131 148 165 182 199 216 233 250 267 284 301 318 335 352 0
29 47 65 83 101 119 137 155 173 191 209 227 245 263 281 299 317 335 353 371 0
30 31 32 33 34 35 36 37 38 39 40 41 42 43 44 45 46 47 48 49 0
30 32 34 36 38 40 42 44 46 48 50 52 54 56 58 60 62 64 66 68 0
30 33 36 39 42 45 48 51 54 57 60 63 66 69 72 75 78 81 84 87 0
30 34 38 42 46 50 54 58 62 66 70 74 78 82 86 90 94 98 102 106 0
30 35 40 45 50 55 60 65 70 75 80 85 90 95 100 105 110 115 120 125 0
30 36 42 48 54 60 66 72 78 84 90 96 102 108 114 120 126 132 138 144 0
30 37 44 51 58 65 72 79 86 93 100 107 114 121 128 135 142 149 156 163 0
30 38 46 54 62 70 78 86 94 102 110 118 126 134 142 150 158 166 174 182 0
30 39 48 57 66 75 84 93 102 111 120 129 138 147 156 165 174 183 192 201 0
30 40 50 60 70 80 90 100 110 120 130 140 150 160 170 180 190 200 210 220 0
